0.041246626723810659,5.8962238232416225e-05
0.0096875249404195073,0.0011180910983141854
0.013478658068985485,0.00055664264690238972
0.028877798419337158,6.1162282530990654e-08
0.003668663238413126,0.0087268891199405434
0.0092691545714787271,0.0011938526376837953
0.043708912644730549,4.8409923412683188e-05
0.050643658358080899,2.530781899650789e-05
0.21573215427705378,1.6328207627754193e-06
0.004177770260873139,0.0021800433544491714
9.5491873313897799e-05,0.0053969192732989911
0.0017319919319787064,0.010388338932172609
0.0025147704074425042,0.0054171726463236392
0.028161773302381003,9.4099843334085164e-05
0.044946331857084819,3.4038701471282328e-05
0.0090065687090558674,0.00038985335360606409
0.0098775004124854546,0.0010271774007911546
0.072398557631681015,1.3535519562892445e-05
0.79330689406546118,6.1326705951125004e-08
0.0015867877751455752,0.0097289218028598495
0.0035285199059392619,0.008482775119879514
0.13378606363383519,3.4002929191077512e-06
0.020530078155385448,0.00029135694713775271
0.044998632344124719,5.2802310383468853e-08
0.061262173956361653,1.9466870718191006e-05
0.12711749486605878,5.0160326324080383e-06
0.15439952368307963,4.7687009663102471e-08
0.17289724238844256,2.0264103741787789e-06
0.034047586084479518,5.3067038879327495e-08
0.75212617869833609,1.1754839955019903e-07
0.0047918757236790968,0.004405472921137344
0.039465805528913045,5.2280944310221766e-08
0.0066393834125849423,0.0024628416710844067
0.14333910400567196,4.6701963357656798e-08
0.0027421882550619746,0.0051407639233212662
0.0081941949948755397,0.0017015180175528068
0.1251159068721843,5.1075113540017281e-06
0.86807750809670514,4.3462623552537603e-08
0.054666872578330472,3.1517334612303628e-05
0.028867178576563846,7.8775275439133392e-05
0.86980075119112932,1.0051432811591796e-07
0.0023991366866208653,0.0065741181124849696
0.0097536231240774249,0.0010860395047787945
0.10423326921186785,8.9520977912142845e-06
0.024189623593390094,4.2690679828588191e-08
0.032316703213179046,3.3443946079733356e-08
0.078342172157574996,5.7852281685325187e-08
0.34782444388077161,7.1276608401165081e-07
0.057349619157287965,3.3243373061628573e-05
0.012722106913263819,2.0059157314869776e-06
0.051002570562066286,6.4095010834784099e-08
0.0031031171781098505,0.0077516044674812486
0.0056836270739296559,0.0019014013944794552
0.31074458326983251,6.2283120777083377e-07
0.020823652203322319,0.00025392666107133225
0.011792368141410629,0.00057881569246337786
0.13515482652959676,5.5170718337841084e-06
0.0022655175374262401,0.0063551995102560238
0.87000232749426787,8.4768668687476183e-08
0.0061363706847236844,0.0029218471829124443
0.060475237258618794,4.1159116985007013e-08
0.0017989904594340744,0.005602295707608642
0.00067544790422042491,0.0067528044664327382
0.0042152370864873626,0.0021331749157336012
0.02455757015645952,0.00016896656469892347
0.004012343687123456,0.0023812586762280482
0.0014385993216186963,0.0090774147854657296
0.85243508588328887,4.3223979776331869e-08
0.095744189946676231,1.2595149021742556e-05
0.00022073105896774087,0.0059433511634434544
0.046594824343910851,4.7642785596933697e-08
0.0021930799191930213,0.0062371294219258295
0.20181850459183279,2.2846237333238822e-06
0.0031097532633409253,0.0077628968071940035
0.0011320823459023874,0.0077986229743654588
9.9690883981037552e-06,0.005577652387968912
0.0042423702727017974,0.005282061573511812
0.00058223967486740764,0.0065846036031821584
0.00098379166318706681,0.0039342919294418381
0.082852508878159023,4.5954641907260072e-08
0.012259423646348513,0.00050886841780678656
0.73171241735083548,9.3089464063680119e-08
0.19274827393948787,2.5482099595593219e-06
0.73760588088796464,9.7494737541419158e-08
0.053803355464423629,4.3137834454327573e-05
0.060947413449750944,4.6732400222471185e-08
0.0087370709533499645,0.00043790462425582447
0.10595714202983839,5.4977127953343026e-06
0.11976347871232464,5.3276773686090022e-06
0.0036861982634249163,0.008757546178899827
0.017897790542377598,0.0002171797628390458
0.87829856769532333,7.8478479871639125e-07
0.0016524991686270207,0.0037704723370650937
0.74892114282206468,8.4909200199754702e-08
0.81165846510523298,5.3900872971050985e-08
0.75979834610989949,1.2098532070781222e-07
0.0021522231067390759,0.0058717323417293689
0.0021566757802054543,0.0058660458992948507
0.01967980220842221,5.3624113111415045e-08
0.040444261476210309,4.0081169832575079e-08
0.001989666344601983,0.0084826727259397928
0.002339662878060156,0.009884512509560052
0.19275830091598675,2.0815308920078593e-06
0.0046031807423092255,0.0017649065882956892
0.04310702649265883,4.8096886298484645e-05
0.0058727648301903686,0.00098626240544138696
0.013900627781469808,6.0908625574855597e-07
0.039310458374241172,4.196579933411313e-05
0.069931131523922288,2.6806344879984906e-05
0.059743967585061029,2.4529139731610212e-05
0.0043037731484984404,0.0032249691323142557
0.0010528393111179247,0.005327393458697976
0.10200504653811436,9.5805287061490953e-06
0.041273212868290603,5.8411474048801062e-05
0.085440638632516996,1.3639774039699635e-05
0.0005733675560853636,0.0046252380475677556
0.0019548810013067324,0.0051531752929663867
0.002036284274919426,0.0050497252133137709
0.0011966709584648387,0.005685796109948715
0.0015267203786603683,0.0067859312356745053
0.12707878402254247,3.8900434478404583e-08
0.017803344344375416,0.00023002404235305594
0.28514062569343102,8.5529280450429815e-08
0.0012932898217062894,0.0059984120121682055
0.094716803777916178,4.6700228577245867e-08
0.039275099113765324,4.2041029943796533e-05
0.0035957585887152854,0.0044380641309710069
0.9636921174734,1.0938211912236049e-07
0.13312472106100423,3.4458633482719992e-06
0.0045912291421726049,0.0017773877264656407
0.037959637412895583,5.7328661541084313e-05
0.0072922258423713648,0.0020861652553637576
0.020372319805579887,6.050869842112872e-08
0.31141722097079177,1.1935437023435908e-07
0.0038399441688388241,0.003998614804338281
0.0058137160938896695,0.0019939534732742728
0.033566829042676508,3.8329775294275608e-08
0.0018755151269397499,0.0052549461791416103
0.0023285966194493903,0.004686035664745204
0.0043546013520132532,0.0031450558770480266
0.0032200992034465254,0.0051574334565151897
0.0028305578413008316,0.0059898860115259692
0.0019206566002135069,0.0051969510695688472
0.073668330052609629,7.3239419466114604e-08
0.0012566905004692615,0.0033886707176483222
0.10253792299570369,1.5837895917963309e-05
0.0010991038488927683,0.0053967025752762066
0.004118843554152346,0.0022391360918831891
0.0080144002641810014,0.0043113031045824311
0.029956065469811503,8.5874693352937802e-08
0.004663657595002548,0.0028437902211553472
0.0027289052009556716,0.0042077533354038556
0.001343842731565288,0.0061650923400294877
0.14492128838624821,2.9022163097671515e-06
0.00023172775424048464,0.0035538503721617822
0.029399771153142625,6.6149259419432404e-08
0.0048526345287366541,0.0014954033291972985
0.0024680326938758862,0.010424369568469495
0.17975307218965075,5.4908800228620881e-06
0.79328508831925315,2.4708426379990553e-07
0.18105807634288126,3.9298161355460911e-08
0.027443702011839613,9.8627911568474976e-05
0.0085610945812922921,0.0017690740161704866
0.27899885268334834,7.4323939900276302e-08
0.011402333911550964,0.0006333765793211291
0.0020455791885745263,0.0050379730417489206
0.0029153096589066597,0.0039928401446995936
0.014575304629643411,8.34134077727001e-07
0.0093147844632349274,0.0013126796136914125
0.0026628989781283439,0.0057684481300770193
0.011719582674999479,0.00060103953940775928
0.0015382334682549014,0.0033311917370447601
0.0058195061282235996,0.00098448597455866294
0.3854278133916294,6.5105708496908051e-07
0.014523841041070811,8.1695103151508698e-07
0.0052715109168337713,0.0010042354360731795
0.0074918639170058355,0.0019799724183038082
0.1380049324721925,3.535801993194937e-06
0.00049227046848524577,0.0045093879822698177
0.0060207556471252397,0.00098761861550080918
0.0068244757422729349,0.0017019445517329904
0.82552886811900617,1.5083608356836895e-07
0.25493414172252055,9.2876410263039381e-07
0.017652724121469284,4.4726463974029436e-08
0.7887413779326653,1.5167047046244261e-07
0.14652129574233444,6.1001845242767662e-08
0.02068947414915235,0.00024338115014982943
0.0051492105760637145,0.0024532933727154068
0.030707209848886901,0.00016642591739465608
0.29016422395900338,7.7793152825527862e-08
0.32322290576092438,8.1011866210785791e-08
0.014832323045557334,0.00052865810199556476
0.045488082890310803,5.2259502200373849e-08
0.040438974669310672,6.6902376706960392e-08
0.054958494665374627,2.4179540328191376e-05
0.17575967213827567,3.8962179551384954e-08
0.00982447943334217,1.1132942220222009e-06
0.069079811471875432,5.2971814616413364e-08
0.00082681390520877277,0.0034663676812535073
0.0024996897626185142,0.010559622839342321
0.018854787930148196,0.00026182220776307859
0.035342114762082585,6.8725546892791162e-05
0.0013226080197966731,0.0051767349559839184
0.047039786762312165,5.5728796064032929e-05
0.13623119176013343,5.2970276061883283e-06
0.12379601723863018,6.3290472659302717e-08
0.0086232369153974517,0.0017543073476566191
0.0031483117326919418,0.0034456219677723343
0.72896586838228172,2.3358618544747048e-07
0.0055334327119539494,0.0027103140706718635
0.052602563918109628,7.3336842972283881e-08
0.0026500753263705877,0.0074569344530932792
0.018892609491687765,5.4764913624776911e-08
0.013279622253239616,0.00059077340032514104
0.044938673793633747,3.8786014382530884e-08
0.028214210291752678,3.6153166811100009e-08
0.15760280766788615,4.7493551536636021e-06
0.035995147798319763,9.5111224277907841e-05
0.003184261768869749,0.0034669304517556455
0.005034256830595215,0.0030707698477904625
0.020580289785385408,0.00023620962919052829
0.040402138574788367,5.7557582122525115e-05
0.11566123507365658,4.9677944514797887e-06
0.2136457821090007,2.1082897481259562e-06
0.0019682684926528044,0.0061207273291602367
1.0171621284740464e-05,0.0034519573271921981
0.064354623154555909,4.5902394034340525e-08
0.034469558732429878,4.4754623676499859e-08
0.002614429671247379,0.0032853047079472331
0.00093081571996192036,0.0046141644492857983
0.77134877603490382,7.9553940779164478e-08
0.0054471771786638165,0.00077535506836375729
0.15256211152127985,5.0106618565341047e-08
0.70733651896439631,1.790843213990087e-07
0.0088383822854293751,0.0016621177970364484
0.0088297162422285927,9.7537725500360822e-05
0.72716339468319535,1.1995596668275088e-07
0.028712607599360604,4.1773005214218369e-08
0.01629045484108891,6.6482693644707443e-07
0.0070390972491723739,0.00081455772468347169
0.10208583593509603,1.2969657437910133e-05
4.7284441291311622e-05,0.0034281421893324481
0.008205775441557683,0.00086143056449117781
0.0085117103129201781,0.0018222110314897156
0.14663386817501692,4.4222604245705383e-08
0.0052636282892062243,0.0028694075770769869
0.002040330171015038,0.0038481917770620318
0.0039900698595370506,0.0040328219966424134
0.0048459153426257361,0.0043353546669998386
0.0061563556009139059,0.0036087276530303177
0.045730513646051837,4.6406488862136525e-05
0.015808911061014997,0.00037224854423809908
0.0046885536044344346,0.0033810415002192558
0.078400215472702053,4.4569966635032886e-08
0.25658446696188258,8.1953739511905116e-08
0.0034763032394368844,0.0036360754240884049
0.0086518598676357562,0.001741925059837064
0.020278965189331821,0.00025500167029751517
0.17501186792916518,5.6884756992805198e-08
0.0085911424210377736,0.0017682342704436285
0.0078715713021002935,0.00067519247722823026
0.0062798022080828315,0.0034914151490089648
0.0038769435230200408,0.0041415169807954011
0.056555517039262378,3.1419037456414847e-05
0.0054081367663095558,0.000800662964556833
0.021601213304177865,0.00017528123230114041
0.35364078324136106,4.8305589581077493e-07
0.0025018793248186501,0.0033946283161081585
0.0069380059122465948,0.0028963317607560383
0.11776499209692855,5.6219396072820696e-08
0.019979170356700438,4.1015748639322258e-08
0.11972616501655278,5.1572777958859831e-08
0.037173532074844327,6.855824156318771e-05
0.0017812243487478306,0.0041065118002320588
0.0011324833207900053,0.0049027697832370433
0.00049318459443887705,0.0054301030540050569
0.0021745450349780009,0.0064267478686989322
0.018354896984533721,0.00030361685982485128
0.1560871469697418,3.9474887012583801e-06
0.0055964827155936007,0.0026862222365903348
0.00033339519104516379,0.0055988836034277061
0.0024863204193883342,0.006901240722485648
0.024396510267874948,5.4973002712289533e-08
0.078939029048058856,1.5016742402542301e-05
0.013855805697083218,1.3546542274978951e-06
0.21344756685826666,5.7092703089301521e-08
0.00387380005528512,0.0038549803090250963
0.0044658379766669897,0.0041568297012032863
0.0059278477075640689,0.00070639396204323862
0.061788137663370275,4.3018186860580652e-08
0.010195394625270112,0.001127547449696576
0.00066570454507740425,0.0052490107779120812
0.0053048390396533219,0.0028336096535187872
0.011661326851178324,6.6840717909726344e-07
0.044316422327390075,3.3893966695257997e-05
0.0027872619616758636,0.0079388855799829208
0.16069822168621292,4.4617543083871466e-06
0.0048487434106261615,0.0032362558028421824
0.011317948941252279,0.00080912867201067356
0.050556739842900184,4.0193442218607752e-08
0.009763537895305853,0.00027210891318388757
0.00028558769948916436,0.010316055012955334
0.033216708578216035,8.6629234693495676e-05
0.029844277622364562,3.1141866409142383e-08
1.0693131492834977,5.5459083201326527e-08
0.0017064980667393099,0.0063851825040361979
0.045140890574278093,6.7566926006552968e-05
0.047916268852691402,2.6960099895373572e-05
0.092518647417294847,7.1017036917382587e-06
0.052798507697503411,4.214526679844906e-08
0.070946722834181838,8.5111282692312166e-08
0.035667507299904033,3.4788348433405873e-08
0.00065672556071860397,0.01127316294993955
0.11786000589532537,3.5517348216827178e-08
0.0019921317852478779,0.0070624983421048414
0.0040416252076899114,0.012368917475346143
0.065470143533536418,2.6645012860102279e-05
0.0029141474457690772,0.0081159689097416946
0.15760575916320405,4.7375105216116112e-08
0.16212770901415549,3.3875531253714533e-06
0.03029095308643405,8.1472407796905993e-05
0.027216964713028719,0.00013773655899451781
0.011599837713437918,1.9998879102262642e-06
0.00015638124764189053,0.0092024952831391785
0.0045315767855218262,0.0047309801997404517
0.0067123517081530935,0.00054689893903998724
0.024662829553314891,0.00012640369998326265
0.12542179954265822,3.8442103387377382e-06
0.010840588026451416,0.00082517381079616448
0.08964477057506863,1.5468587334099055e-05
0.11607942433122699,7.2852938543819486e-06
0.0027627396664209663,0.0077559797092586836
0.00050578673955753103,0.0083423206593993878
0.008176455982699414,9.2009986785384571e-05
0.0019246569070017459,0.0071817415436305678
0.025435130716941708,4.3375236993031992e-08
0.0056192813103040085,0.0057910217986533044
0.001514418766197209,0.0063391581742474794
0.11769196013849569,7.2868867428851808e-06
0.067069253692128711,3.3643468182068841e-05
0.030437524379426251,3.7831186208723804e-08
0.0042246009525224761,0.0048241124625361866
0.0043670838693428259,0.0047845356009035009
0.85820037673291494,6.7801198937963711e-08
0.0023379704117639571,0.0064654564819069168
0.0024938895167504588,0.0062040189226845611
0.62054107845317164,2.4410314144100419e-07
0.53358592430324903,2.1347105100510196e-07
0.016930464119486253,0.0003073150605466339
0.072276110956386461,1.7219023105712953e-05
0.0043162677946553835,0.004799376092828737
0.0023083927822355106,0.0065155932614410642
0.013410360335522759,0.00044504982057424997
0.0067569434687845759,0.00051387322981903433
0.0044920977822337609,0.0047446024434984911
0.0044593207541778774,0.01516413343196954
0.85515185672300653,6.6531270957253019e-08
0.53589309612740132,3.4675485039948157e-07
0.83285867219795262,4.5364129487957999e-08
0.021773524054402634,4.827512477122911e-08
0.047999285532962274,5.3491063484280747e-08
0.86922764787526008,4.7668787042157627e-08
0.024966824277648032,0.00011496744200987489
0.066975996338062255,6.3485617062935002e-08
1.1049841562082359,8.0050583914741177e-08
0.00048302934209261606,0.0083978031738405103
0.0021940146654669734,0.0067111025206794527
0.0037291036663227653,0.010454689927186785
1.0415265351227649,6.1733882887336493e-08
0.0063410695983628518,0.0029426123708972676
0.1648540487228172,2.2175866000944131e-06
0.0012988531379099946,0.010093092940418666
0.0067513855013334014,0.0025093114485697622
0.0010534554737586957,0.011376850779169681
0.1418178907863335,5.841963111870206e-08
1.0725330865710241,1.3611133513140328e-07
0.023796569076818704,3.0871403024865809e-08
0.039051429965948639,5.9449791527710847e-05
0.0099344747733319094,0.00037608044784015861
0.048055677974144118,2.6806245673393806e-05
0.0011637680807152389,0.010791545701276972
0.15746208766550807,4.5409118028173677e-08
0.0031749064234822592,0.0087425981121689138
0.007682646159746594,0.0017286626585680787
0.053491105980538016,2.1548928063079485e-05
0.057813840554567349,3.650989828168225e-08
0.0029796092221965652,0.0054204010306765421
0.00035218883013806687,0.010486329851871427
0.030784895336836746,4.1751966885835683e-08
0.014495907110401121,3.3551396145773887e-07
0.039036314746685112,5.7324349976684343e-08
0.051450878194367403,3.2137900493501923e-08
0.0015395689569250896,0.0088983962412350001
0.016316245698826677,4.8635174480097025e-08
0.02957091912898115,3.1129580544500671e-08
0.10281892229459842,5.737385383594565e-06
0.54808704450339762,4.3925829488371004e-07
0.14566273146845243,4.0902493620852568e-06
0.0048471104765618975,0.018001712671767804
0.0075055850398824033,8.7724248543265276e-05
0.035642325516640955,8.9184223133426035e-05
0.004197524827206007,0.011034177661098548
0.012245267111825201,0.00064319333702534266
0.1205700949322043,7.8908873586571233e-06
0.047075245192384291,5.5583107114511132e-08
0.073420731176575257,1.1917035858318494e-05
0.0017561138989709603,0.0062233753181361751
0.013611189702887468,6.3729991038328782e-07
0.00042231403507395407,0.0074364947605027199
0.74785418636225331,4.5132514481421097e-07
0.20872879709385297,2.9461489745620534e-06
0.19905215653136829,6.1957111583678819e-08
0.12617640075403672,6.8967947513467964e-06
0.0036821442815559292,0.0015888763891408421
0.14255253125256817,5.976223406525767e-06
0.01147960190911018,0.00082226170686634456
0.0059416389943240597,0.0011465635039290948
0.0048187383357542832,0.0088945550449721217
0.19042569861144037,2.9190268126970867e-06
0.018268911858681743,4.0216789675213384e-08
0.0034320727672263276,0.0077227933492352331
0.017465646597195135,0.00028817379622514253
0.74523066656318127,1.0149427892593653e-07
0.020957541588718324,3.2482189198506145e-08
0.00085036906160615845,0.006256833580100634
0.0012217657847145944,0.0052504132765568839
0.079843633927115382,5.3789946390569747e-08
0.00280123715725197,0.007138581849066945
0.003935764171571131,0.0013011960080684544
0.0012265240168505265,0.012893645769832478
0.007669929841880644,0.0031706484184964782
0.005808267042087702,0.0067027937011113516
0.026826579263334198,3.6621186198390985e-08
0.18884331715264507,7.772343856290685e-08
0.0049339899117557305,0.0012128367791829076
0.00075477251426877125,0.0065184543870377178
0.00070586408486279372,0.0066527099696886364
0.72403770123502953,8.9459360627669151e-08
0.74591687846284349,3.9191741814699186e-07
0.054716802279894373,3.4427021021933279e-05
0.0036741638299224062,0.0050803049093624507
0.0043997801429188528,0.010260377341961752
0.075046725141945936,6.2129995001515841e-08
9.7604494151870054e-05,0.0088977019865274613
0.0084090006698086302,0.00023259815959945289
0.0082932252955030504,0.00023810569922577828
0.001729342700252591,0.0062007949188006934
0.80454558221291927,8.7866090850853023e-08
0.20377537273666108,5.0665884981608385e-08
0.002121226006816866,0.005824567170562454
0.0053344672452191539,0.0077170389729840526
0.017088056045719179,0.00032375444729206601
0.0035616326688789452,0.0078457402485363412
0.24574955909835045,1.7196574263996663e-06
0.00046038459259966616,0.0099357196280934063
0.071616497534656237,4.623257265125548e-08
0.0043905542311506061,0.0010465712763541492
0.74481230833935941,1.3400241418420497e-07
0.005693704909945918,0.0012080111037478796
0.75131802439409479,4.0887796041859855e-07
0.067159523003622157,1.6318498651218443e-05
0.022506041999692059,4.9782972855573078e-08
0.0044203489894058205,0.010183205501007016
0.7504380142958329,4.8499807452925362e-07
0.078503661970638808,1.0804257042758193e-05
0.14718167587436118,7.3687006823761523e-08
0.0099329342097769346,8.0676514955885884e-07
0.0033581481257055346,0.0076530943280577728
0.090894415370383966,5.472052570885387e-08
0.17592062287889812,4.5126937425955347e-08
0.0036983962673208604,0.0015701546798765511
0.14703263798559243,4.1327014267760195e-06
0.27796089485396119,7.8679761650832857e-07
0.017803563317393922,0.00025720101759776741
0.0017346330792461543,0.0062052537173572586
0.25777916216362146,4.4780527732494188e-08
0.016840644832270196,0.00034762421097263914
0.15132539698913708,5.5553551879931139e-08
0.10215707911402694,1.0007289283645986e-05
0.10897763087980968,3.5133300693041461e-08
0.72615396023041956,2.6272598553522256e-07
0.003002932050232904,0.007322766898360168
0.021079761200141756,3.3846309803994952e-08
0.0011512301552264105,0.0054403304472059582
0.0077174468188823363,0.0031280607775613857
0.0019669439297385731,0.0064027081329726303
0.0096469841933896436,0.001469573961251735
0.0058435316296868052,0.001174400971317908
0.023965487227803846,4.2468522976479243e-08
0.0065930899710889539,0.0014095032769436428
0.13593410980062992,6.9777842137950949e-08
0.010120088039840429,0.0011981831353547086
0.0087606909365746458,0.0022612211961967818
0.0026313075950583457,0.0055964473882908448
0.027632949308641651,4.5702149889043901e-08
0.00034862440137531559,0.009614326206184404
0.010252638807073462,0.0011375581161818572
0.1100530311654804,4.6045542278400573e-08
0.0014170594418630427,0.01386892661762636
0.0036511852205582452,0.0016246489116233346
0.047350485892113423,4.7199956210026422e-05
0.028398318285104335,0.00014150624150197598
0.01698710417344949,3.0695896909345322e-08
0.021180256604640717,0.00020713819767481407
0.0026479209864737922,0.0047591298810074839
0.0041009349342050437,0.0052733441509406065
0.20537470066037666,2.2417804291744959e-06
0.065890929548537716,1.5419063099710277e-05
0.0057033480396841627,0.0016726350583841662
0.0055757174632940299,0.0017107495305654125
0.0022742767302895337,0.0045654889057949039
0.01113304115402293,1.9167406120271471e-06
0.1589060306850055,5.4395152799080487e-08
0.0042732705070484519,0.0018238411152110725
0.0020895200226295776,0.0044572627416675659
0.001575362171084411,0.0061229893759190959
0.0028475687025653678,0.0048487560804331359
0.08732883003509849,9.5670448509390994e-06
0.51624886424730354,1.2257312180550044e-07
0.0035339894904793489,0.0062195472182108753
0.0016492764730392433,0.0060036118873251923
0.026209511259525978,4.3196540991760436e-08
0.12106070828678489,4.329591325482485e-06
0.22183746419109662,1.9658794861064716e-06
0.019790005210836036,0.00031408794687414328
0.076332338990641582,1.2472286556698421e-05
0.033480752574971691,3.1435660299743402e-08
0.0020085832030305659,0.0054325006249588241
0.043738412624170428,5.5286335148976724e-08
0.06098355565395977,3.1167244367315806e-05
0.011568093439744638,9.2953801844588389e-08
0.0059055515772943826,7.2346743232616688e-05
0.039575670410569912,6.7843818503401931e-05
0.061770936856742703,2.6085264057536123e-05
2.8185019677632959e-05,0.0087700057466353638
0.0019583611370880315,0.0055114104200412149
0.32573347271200259,9.2388817704551251e-08
0.037088453802212595,6.744666645844078e-05
0.058475267604306429,2.9889647943503133e-05
0.091101152773202618,5.9087155448300781e-08
0.0033919417895040766,0.0064579275477014411
0.78629026146064951,5.7225036618284705e-07
0.77288990327574303,6.6112662922102556e-07
0.77962128787076612,6.8176944804410628e-07
0.05482658565910481,2.2814083237457842e-05
0.060144090393711269,1.8714753694047461e-05
0.14203865980022448,4.0792846299285981e-06
0.0043747271855636297,0.0018330779481771902
0.026950305516050658,0.00011045309118688651
0.11009033576397875,6.1833366140777233e-08
0.094201298136460235,1.2601447919565062e-05
0.017216214993527091,3.0705982867811074e-08
0.089298924592709772,3.6776155320912009e-08
0.015323790954149629,0.00047367723701147608
0.052210020492026617,5.3185804228412487e-08
0.047947019628862227,4.0427616146125406e-08
0.0016675564924834613,0.0059741877824750532
0.069124438771093283,2.2855328088433104e-05
0.0032016924745453122,0.0067780207238976511
0.0023079192766793368,0.0045843073943534728
0.0045886592769642407,0.0018425619000079106
0.0041348382956870157,0.0018063196401755669
0.010886145115961992,0.0019697950588862317
0.083828676775007521,1.3978510136167777e-05
0.029822411955447423,0.00015924559614169929
0.0013922322855543009,0.0064215402001754872
0.0053852899466131955,0.0065314694082630031
0.048572393727009153,3.379372873744143e-05
0.0019095557771934195,0.00434390648182118
0.0022845292311599033,0.0045712528033879287
0.050165635941705589,4.4848283711873468e-05
0.0018488533520445152,0.0043039044465853233
0.7424964895741375,4.9470788510812568e-07
0.029584622692251289,4.5517363346735481e-08
0.0092422853872462137,0.0043417541456530085
0.0030970939782381203,0.006954408127294206
0.81124600769748823,1.1744858700409046e-06
0.2203015553587177,1.2708809124135568e-06
0.036812570436735019,3.8797661987744789e-08
0.072127955492259047,3.327741024061199e-08
0.13371161146717414,4.2257485311464144e-08
0.015730836216103345,0.00041157227105451317
0.029917629051780775,4.9286791745730056e-08
0.008560456709566816,4.2414349547797473e-06
0.034807434395511247,4.244522459689247e-08
0.02285926896266343,3.1683064730394473e-08
0.0017656793145327545,0.0042476468023977818
0.057618094360991551,5.225047975708708e-08
0.020922006560182414,0.00022609481820518677
0.013074971196863377,5.1426948124643929e-07
0.011072867550062513,0.0018745399590447606
0.021534755274161894,0.00018867061681509764
0.50500532908455753,1.1447091767239563e-07
0.0041600389191290207,0.005175183898096597
0.11202656549943178,6.7260094848260093e-06
0.0034017961861635888,0.0062588054189597559
0.73540232524451388,4.6473506518791527e-07
0.0071563455948321269,0.0044751257416001475
0.12689164174620865,6.64301571416135e-08
0.050574060974739966,4.0833574990599601e-05
0.0041188958372046156,0.00485509744690708
0.087214667419095157,4.8967893605232293e-08
0.46500707130624719,1.2308452157700922e-07
0.0020708337155039198,0.0049204665174806548
0.038711074045100755,8.4988513318482206e-08
0.0028448320521026801,0.0049313601127186149
0.0016283656085652573,0.0057123195029009219
0.00070708615755366629,0.0092809795229329729
0.0087403100951277037,5.9645606471084381e-07
0.060164225725679914,5.360555139256553e-05
0.034409744583045569,7.3994168491542072e-05
0.0019509113903191089,0.0051334523194027275
0.00061830948286863098,0.0097274348003021892
0.15429963156072202,7.6993895350567209e-06
0.0020636212541842612,0.0029750594478706168
0.0039691240606367067,0.00074057567915340326
0.097439094280754993,3.567603349366564e-08
0.00014532074397199119,0.012273215783368768
0.041376026595360008,3.1729509501616762e-08
0.10150910291543358,6.0853947652528509e-06
0.44685147710810402,1.016772873976977e-06
0.0069578836858764986,2.1976647554110646e-06
0.00061906212579853194,0.0097236081086031663
0.0014890281098486604,0.003672415811979024
0.082780702624351776,2.3512135413502718e-05
0.24149448017753172,5.1645659352664284e-08
0.15074549122284481,3.1733499665081541e-06
0.044565369110746988,6.6563474634203461e-05
0.0071950455572968291,2.0055111865893755e-06
0.014251225898024336,0.00036287470669582795
0.57101458501774238,1.8941621273264761e-07
0.012824286774341834,3.0447779874767137e-08
0.0088261876311058508,5.101611605873475e-07
0.001661779685135012,0.00347812371077933
0.012161472742075099,0.00056746743627637038
0.0066093421494490415,0.005141300110520935
0.014540819873271212,3.1192743802579157e-08
0.11233023828275683,5.33233330631888e-06
0.007386608727343643,1.8456197839700203e-06
0.12459727583154685,3.5964328389673155e-08
0.0098381951182147428,6.8957457747527297e-07
0.1947142797644173,4.022703036611807e-08
0.072911601074548027,6.3151906426429524e-08
0.16662544950341407,7.0255548979931482e-08
0.0093692774749139906,0.0021929365074862682
0.21329512549713261,1.3379918430989257e-06
0.0020798306404712871,0.0029532667839156082
0.24362243310862167,1.4527313643725071e-07
0.058200973023611074,3.2523076082670512e-08
0.0026631220194689611,0.0020916476431485967
0.003315130569710582,0.0049267666226418001
0.0042199717707398204,0.0081726028881772377
0.036953100536944512,4.9345763375918551e-05
0.0150512271191368,3.6834964135952084e-08
0.0083443874432730849,9.8342618798090947e-07
0.0016457123436570118,0.0034967518376721107
0.00042617233135244537,0.010727637270623298
0.0033043807266088464,0.00097055778118532935
0.006745119682286682,0.0048458254174940114
0.079004801210037973,3.354624658862406e-08
0.20062181244354796,4.0620335800365832e-08
0.007423575494273583,0.0037646004875851427
0.0017235802291920531,0.0055405271231766936
0.052846937685184406,3.2267330880972234e-08
0.01533114049704138,4.2271187258297217e-08
0.18741523462729834,8.6675256188305366e-08
0.0058749712516829302,0.0067282650539174909
0.117781796855894,3.5586611709090473e-08
0.012637520375707362,3.0439656681412399e-08
9.0189109023385087e-05,0.012588266845516973
0.023574527876642992,3.0921120867066588e-08
0.00042409151559361444,0.015711335007226528
0.0024883549165220513,0.0049164745345109621
0.084617563618425706,9.772024411638083e-06
0.10498291983635408,9.3006705932605174e-08
0.0020613825105799334,0.0049372081428150456
0.0068170119201531425,0.0011021976701870108
0.057218425300894327,2.0406021749200203e-05
0.0013292264959946032,0.0064304609339266927
0.034979221549735352,3.1435432368244049e-08
0.13398524344300944,4.2516554185368327e-06
0.0014682744540726849,0.0036948681881907738
0.00087690721524514366,0.0084545778105189987
0.11349134454042947,4.8135290138270115e-06
0.0019177931852163935,0.0031658863473074481
0.00015715632929620414,0.014048788874087155
0.0047653952140951457,0.0072015721052925818
0.050016739501861598,9.6447893067197533e-08
0.38745597647807534,1.0088517958099135e-07
0.19318748421293155,9.8418933672677844e-08
0.010654784605401457,0.0011515064327134407
0.0032289442638745967,0.001111890186029851
0.00094601124604121655,0.0095921224952015879
0.12119979358313997,1.2208735491776177e-05
0.0053895684534895879,0.008179180654602514
0.36858678853586058,4.4411443152750793e-07
0.23937181652147882,1.1589495292330639e-06
0.40353844226157576,8.5761567619217035e-07
0.031544195884017384,6.9263579856934445e-05
0.11600267070340939,9.339241201228025e-08
0.00084096901884765261,0.011516422365033679
0.080639705527890529,5.2974164350946292e-08
0.039816608517302121,6.1220181642706217e-08
0.97666194737318124,9.8612791321504387e-05
0.0074800232405896252,0.019159551174843806
0.009500255625164291,1.4717497135233538e-05
0.98345186162024234,0.0002661767791684726
0.91740980492389546,9.3050715604786086e-06
0.010611582000942624,1.2703077679393399e-06
0.017522286667601441,5.7095484773069307e-08
0.0016597495634198317,0.021330976158264875
0.024313146006935366,3.6625832522046422e-08
0.066107920950975646,4.7833737688029129e-08
0.0035186428086752685,0.011955540085976751
0.93886279370688897,1.7613076850304128e-05
0.95514048844068711,3.0762200705418412e-05
0.0016961489129727714,0.0019997897738472255
0.030605765572601452,4.5640614404483532e-08
0.9805986305624621,4.4979151779253993e-07
0.00010662988452559959,0.010581522171458675
0.0012109848640689906,0.011820641182430367
0.007857998122678676,4.7644535487918723e-05
0.0017219176692603009,0.0019688049633975525
0.27864889090329209,5.8633239735275638e-08
0.38754553974376615,1.037414658409014e-07
0.013138022103197563,1.3610159951980928e-07
0.011409303707120922,0.0053113267982824262
0.015836146897099595,3.8328067235121042e-08
0.98738333588280458,6.1408032373842941e-07
0.0029566792317112889,0.01477017154120819
0.0027975239153404594,0.015570407995604562
0.00017926231786532582,0.010887189964374541
0.0013658796595545752,0.023165882719127843
0.0022783367060877431,0.0026046167644144234
0.00087220215098820445,0.0096625440431631765
0.99099151539901642,0.0012328083119944502
0.044486619551090865,5.1810602996228648e-08
0.035430298191748553,3.8001760583326744e-08
0.0012372886577814324,0.024582059830590742
0.0044176939566629245,0.0039292710427154699
0.97478450922089332,4.0525287755881714e-07
0.19821055046321726,5.1811015975041239e-08
0.10914879501217549,6.8701669211311922e-08
0.0013228598411602708,0.023634677068054034
0.14777506112317579,7.1258614775778543e-08
0.0095963431663129879,0.0098698966045839935
0.0010075925935761878,0.011657645597349062
0.92000477605380837,3.6079515164556864e-07
0.0020556161761416487,0.0023807013190671068
0.97831015676722644,9.9121334798534086e-05
0.99011411373811886,0.00085682952926254821
0.98303088763957058,0.00023038712449745876
0.0054159293439366291,0.014136204221220699
0.94614801924422598,2.2797548761319675e-05
0.0050516428764663642,0.00092613534148355077
0.0019052786580570635,0.020081947978358272
0.0035265035477187226,0.011916289913006578
0.0061384534673279961,0.012485752119097781
0.073642425040415155,3.46932283201192e-08
0.9910272024972131,0.0012492243714082982
0.0012713209186704451,0.024202904169068357
0.0074131619310441295,1.7787051480676175e-05
0.94301727940271329,1.3379461690612362e-05
0.13077021783134601,6.2609323145457483e-08
0.95699279745156418,3.1565973614422137e-05
0.00031210757797756842,0.011022282764480432
0.0079901848512230096,5.3331222266145865e-05
0.011803484267786147,0.0044986064933704778
0.002728311560696116,0.0029324434818395781
0.0035693280091578673,0.011702517753324938
0.0029907402258645944,0.014599089674262848
1.1708111398532592,1.4532039240207279e-06
0.0027107774609330801,0.002922789363713423
0.0020023767134844822,0.019588899214206801
0.001741417175907536,0.020915164739298064
0.0015995106823113588,0.021637913630794783
0.010395454504177927,1.1980658581874499e-06
1.2198838899623237,1.9252921008157323e-06
0.0081924592991425224,5.9207481173799926e-05
0.97875223030839387,0.00012029939318154705
0.017366070095595293,5.5354834396162936e-08
0.094436399490660933,5.8686505838590959e-08
0.0016084236272376619,0.0021124949697613484
0.0017563919191124655,0.0020156027391740874
0.0060486936564109204,0.00095008168045135008
0.96890036359853271,4.8563590092372795e-05
0.36647540929479561,5.7835862495259818e-08
1.0232916658208355,7.8745255123693048e-07
0.21888302181283015,6.8044550531966238e-08
0.0027522370063340173,0.015798361381900078
0.009683325219010528,9.4282252291257536e-06
0.0036795883592505374,0.0030769577584442705
0.0074340171348266613,0.019412562042840493
0.018094635527079978,3.0806567953932817e-08
0.0032584332531850756,0.0031048525511537741
0.0018267425187159872,0.020481114397011502
0.0056365485323226086,0.013634776712459704
0.81888513867976132,3.3717911989733346e-07
0.010025208922475205,0.0086905090127641169
0.023652093956348322,3.1054217348687718e-08
0.0043162217543118477,0.0035487930237230996
0.00046339948465350702,0.0051912681378835385
0.49215819209644635,2.7193602953317392e-07
0.00046851391577843653,0.0051987996598662168
0.004113777191134765,0.0051748038284286412
0.029610583495340626,0.00012685180725015627
0.42094510935752849,3.4049003632004777e-07
0.0018079421803114842,0.0048779597318820761
0.034367041925902037,5.3836717647282832e-08
0.076808615007250711,3.620821114690602e-08
0.023586988644099253,5.6790311485101166e-08
0.032596466163224223,3.3721083005674086e-08
0.01464584270275722,0.00064671777379039991
0.0020916365553599364,0.0045501256209223434
0.001334108459370113,0.0054386612875231242
0.0016920272738367224,0.0075591275372029216
0.0016798781676386934,0.0050278801311323413
0.018815133342406573,3.9493383440583984e-08
0.030753250817535216,5.0187237612840663e-08
0.063108680885565746,4.3301773800037637e-08
0.0023214574692624178,0.0042888688676921242
0.44339439653433932,1.1419006106946249e-07
0.2515784117106219,6.8766725055503943e-08
0.070675196066043777,3.3145824484139801e-08
0.70714717728101539,2.0341692628107825e-07
0.024017646895713538,7.1124850417827716e-08
0.018191232138803536,0.00036635278751465089
0.043589872310633319,3.3632144298069438e-08
0.43837036006414365,5.5056827797962196e-07
0.021208654383377105,0.00023741457046334629
0.0017249433509324843,0.0076780915394129481
0.0024591532721852981,0.0041341916509510549
0.12286158091274765,7.9343708107664077e-06
0.019920833462419768,0.00023319499866926229
0.0026201822123318188,0.0042083335438053088
0.096768077381877968,9.4672982803599548e-06
0.00064233407694392437,0.0054569303013907626
0.043847443185684398,3.6602405030516015e-08
0.0094903358016318034,0.00016335687902838768
0.002584216125224787,0.0041820773446524882
0.0078755322673395665,0.00017578504103400031
0.0324899644894606,3.2512747672196509e-08
0.043882629186029386,4.6347069554006836e-05
0.0032159160910315049,0.0046228265213417085
0.27666417731700005,6.6424460499347152e-08
0.00025455663174770533,0.0041701023674327094
0.0043555044846629006,0.0012968554340920156
0.080269926314527951,1.3609167867806688e-05
0.025132546999782256,0.00014916201393068426
0.005990235979221852,0.0011263993817957009
0.064397675886724723,5.8611177764457143e-08
0.0013774159113442961,0.0053867315082838148
0.47804601969973765,1.0544299017322319e-07
0.0025986093889961335,0.0039789524143787397
0.051292029355481585,6.1894175451770208e-08
0.00083464619547177004,0.0034728862775016281
0.46178912631454583,1.0935471853910422e-07
0.010910888936687386,0.0010249615864335992
0.021484099714142536,0.00022116849979382007
0.020959172136011561,0.00025238857233957887
0.02200455562492944,3.8288116339492793e-08
0.073910897868015552,1.9226868444137836e-05
0.0028257994720647201,0.0037291002045301588
0.010270689994560184,6.9406257744511808e-07
0.019052648454744182,0.00029786075072539965
0.004731197091954048,0.0032165993722662973
0.044024226225292312,4.4570396503929423e-05
0.20692906524199375,2.1966313390784727e-06
0.0013784809053568677,0.005385456209080825
0.0082809103550342301,0.00021165024041264522
0.18878605044197944,1.718500277573015e-06
0.005376104898542444,0.0027260868755595814
0.049513265127953301,3.5206427400827107e-05
0.047722056381531548,5.6004594283165451e-08
0.0050558273957414966,0.0029657716225166995
0.0067394887482147454,0.0010334458074731916
0.006884110826213834,0.0034145643007901455
0.066886308220710372,4.9043888905540308e-08
0.0040365971851268126,0.0038254420388058783
0.037096999291643749,8.6226615059566562e-05
0.08718677706271856,1.3717923152733944e-05
0.037201249799994611,8.1678335146470349e-05
0.011596187854458035,9.9318122255110985e-07
0.23502750481713236,1.5164087485583241e-06
0.013587044599361362,3.6499999170261671e-07
0.028618063425190625,8.7862261957988511e-05
0.00085047181603468633,0.0034683171611380303
0.062297059453752558,3.006094522901785e-05
0.015164045849388449,8.5184328913270598e-07
0.0014198327897176294,0.0066629818518038212
0.0054287370966620285,0.0026874379979725301
0.017448809771576444,0.00026947264870022427
0.17628196150145942,2.8370427157016259e-06
0.0007635286478911939,0.0056393957768486828
0.080280861434468748,5.1678622218337758e-08
0.0034976944902018071,0.0030123057642324935
0.0025369435082102272,0.0040474217413680952
0.024991130785918532,4.7118822500049788e-08
0.078944816740374332,6.5585075057434269e-08
0.033425100205525034,4.3128858338275058e-08
0.004853346668795909,0.011646186208612901
0.077212066415469516,1.4864711388834439e-05
0.00097763232803522266,0.015025470315406126
0.0010239347894093341,0.0077682974523907659
0.0025594337453529086,0.0070311537720146901
0.1377409200807061,4.8655045380596951e-06
0.96603715061715456,4.1626276360125298e-06
0.0018892642246305159,0.0071947986456095325
0.017532887754823,0.00026411707815949441
0.0088966148977070534,0.00020151966333017615
0.048869645347600597,4.377077075460731e-05
0.0059748974750055668,0.0011482579280589003
0.025985887819561113,3.1032521421967634e-08
0.2239275497249312,1.8860682604113142e-06
0.014103044201769827,7.4108558760960517e-07
0.08462378657352812,8.7976755109003214e-06
0.003764511935540242,0.0073004344120419689
0.0018083359580448623,0.0076884721933449685
0.0060748469981133889,0.0011134258323866411
0.96292266886850431,2.8082479312976338e-06
0.77296889626624454,9.2379933815439074e-08
0.70723003743494384,2.1427652327088357e-07
0.0074104352367233709,0.00018098942772813123
0.0098883782866781306,7.7114965162767219e-07
0.019249509795984259,4.9439865374914648e-08
0.034016425713715902,5.3449723069075239e-08
0.0084530725529308928,0.00023113148643629769
0.91035443470649025,7.005867287751624e-08
0.94799238780607409,3.3384075161537564e-08
0.0018622242581358085,0.0071956601864825009
0.012676414075302572,2.028345737510538e-06
0.81121930549579013,8.3788477463034571e-07
0.00074162310384596629,0.014144550477896197
0.73838629591662253,3.9774135782498924e-07
0.96071154920251933,1.089897656755322e-06
0.0012075236004824553,0.0074050743854328152
0.13213802637338889,5.3847830723869934e-06
0.96300240735448783,8.3457793063156399e-06
0.24451888507605185,1.0161109387500239e-06
0.2188090948012954,1.7960400650807159e-06
0.0081925688473804756,0.00023434939019685772
0.067169576578217483,1.5110318476251951e-05
0.0083639718517842573,0.0031813012268733136
0.0092308483659448645,0.0022775279284601717
0.062092098982820726,1.6673168486534845e-05
0.91985557407406371,5.8469920335042434e-08
0.092000751380254195,9.7110272678633932e-06
0.030415330961775025,5.1558911367755335e-08
0.0098094073119901065,0.0011391034347991531
0.89151690354073054,3.8285581206429286e-08
0.0010835131335335112,0.015730449011284845
0.0016817664618426855,0.020237844107480616
0.82087868086776494,7.998802114949819e-08
0.012706581189466611,0.00051085014477291618
0.00059776401065340468,0.013610893305973178
0.0019133878312029918,0.0077049806366926493
0.95839854971731453,3.8297033652630749e-08
0.0051725300488830207,0.0011967108655492587
0.011633977107320795,0.00065052283913388754
0.013025459093692619,3.7017304488516919e-07
0.0039361607925619459,0.016074487862789182
0.87186615439170922,7.9904382103415822e-08
0.0043210289521100863,0.013910270498684645
0.016063459505175369,3.6886751889251453e-08
0.022369281223791549,4.5910515168091499e-08
0.061294661512022931,2.0211195228542134e-05
0.0034454481772648884,0.0074640424237906733
0.0037636429031689717,0.0017733715938578654
0.9368034913690072,3.4246194631049488e-08
0.90931941481200473,6.0534858737683952e-08
0.0092437284692539843,0.0022651073840923145
0.0012469417675340722,0.0073556512442273739
0.23601598061924614,2.4847412294454848e-06
0.034660159574919303,7.23328780193538e-08
0.16682012189897921,2.2025159046922264e-06
0.88215677828110139,6.6041840107289063e-08
0.0063802143533728244,0.0069999302905616899
0.090142582550269607,7.7269077028382186e-06
0.88738845438088831,4.9624916679096796e-08
0.0014097406081677408,0.018111114116085791
0.14475659024042722,2.9376050245766813e-06
0.036086012568770198,7.6061165128421559e-05
0.0049818655614076324,0.0011477697362838964
0.00094741148915062268,0.0080368388629009913
0.013760067531116173,6.228954011437103e-07
0.25495918191584593,1.012309915409535e-06
0.06048040084859764,2.5334878105256966e-05
0.031246807085717459,8.931174404616741e-05
0.010042326496676142,7.3675629683078638e-07
0.0038129305209498418,0.007272189390660524
0.00016894074829687031,0.010808977267118467
0.12644935077433916,6.0989176549288682e-06
0.0033536371387196651,0.0064830481325957919
0.072967585331151871,1.1935712009352581e-05
0.062578041842330706,3.0400276110211921e-05
0.061412222181126019,1.9481898527049634e-05
0.0035190444208209348,0.0063205578644108806
0.064978632084451038,2.9613239970530429e-05
0.96543327916230093,6.6486159372036528e-06
0.18266119191287131,2.2939737225593163e-06
